A = 5.5 + 12 * sin(0.4) + 2.2^4;
B = [1.2 2.3 A;[1.3 2.4;4.6 1.3],[3.2;7.8]];
A
B
C = [[B [3.4; 2.1; 3.5+9.1]]
     1.2 3 15  1.2]
