Ahmed =[-1 -2*10^13 -3;[[-1;-2^10],[-2;-3*2]],[1;5-2];-4.5 5.15 -6*sin(1.5)];

Hisham2 = [[[1+2*sin(5) 2-2*cos(10) 3*sin(11);2*sin(11-3) 3+4^11 4^5];-6 7-11 -8],[6-5.2;7*tan(11);5]];

Diaa_Ahmed = [0.001 -0.02 3+15*sin(7) 4;[1^-5 -2/15;-2 3.14],[1;3*sin(4)],[4-4;5-6];[1 3 6-5*10^-11 8*10^-7]];

Ahmed
Hisham2
Diaa_Ahmed
