A = -1;
B = [1 2 3; 4 5 6; 7 8 A]
D = [-A 11]
A
