A = [2.2 7.3 4.8 2.4; 2.3 6.5 8.9 1.2; 4.9 3.8 7.2 7.5; 9.8 3.4 7.5 8.9]
B = [3.4 5.7 4.2 1.4; 6.3 2.5 8.1 3.1; 6.4 2.8 7.1 8.1; 3.2 5.1 7.2 6.2]

C = A + B
D = A - B
E = A * B
H = C'
G = 1 ./ A
F = A / B
