first = sin(1.5)+sin(3.2)-11*5

5-11*cos(5*first + 12)

b = 12 - first*10^12
l = ((12^-3)+412)
v = sin(4)+tan(11)+10.57
d = -first + sqrt(12.5*3) +1/(b^3) - v/(9+11^-15) + 5*sin(1)-6 * (cos(0.153))^2
